# Matriz

O sargento Silva organiza seu pelotão em M filas numeradas a partir de 1, sendo cada fila com a mesma quantidade de
soldados. Por exemplo, a figura abaixo mostra a organização do pelotão em 3 filas com 8 soldados em cada uma.

### Entrada

Um dos exercícios que o sargento Silva realiza com o pelotão é o exercício "girar fila", que consiste em dizer o número
de uma fila, de modo que os soldados desta fila devem se mover para a direita, e o último soldado da direita vai para a
posição mais à esquerda. Você deve fazer um programa para ler a formação do pelotão e executar o exercício "girar fila".

3
5
1034 2271 9013 9281 1138
2837 1827 1074 9271 7201
1822 1977 1821 2278 1821
2

### Saida 

A saída contém a formação do pelotão após a execução do exercício "girar fila".

1034 2271 9013 9281 1138
7201 2837 1827 1074 9271
1822 1977 1821 2278 1821